169301
173265
219043
185318
280354
192782
171898
180407
177922
195320
189804
210511
286547
185522
217424
177085
174548
210620
183823
178819
232115
244532
171664
223888
245385
252750
184198
224472
169592
206128
192591
183238
226133
175577
187110
172338
171640
215482
174894
215975
173576
169634
192701
213056
296466
193963
174838
216833
186511
200957
237150
260064
186757
209769
169137
170730
184160
169729
215683
192627
216721
173052
168867
194102
197189
172675
172188
186530
286748
283321
194772
216386
173872
258527
224949
196092
239717
175224
180697
207886
187001
208165
173405
204134
176043
192921
194079
255544
189091
186275
176013
179045
202602
182203
205569
184561
170099
169232
208839
203645
