173180
198767
261701
247833
289140
261996
187946
220043
221993
254954
252935
276897
284042
248149
283787
220783
223315
267288
241435
232372
288986
280463
187871
251608
262320
271407
237669
284462
202428
253421
249409
251008
279926
219698
238753
191355
216224
238820
200046
257562
214675
196419
246107
272884
316547
256429
219582
269387
244129
260971
282435
287540
242904
287541
199768
184320
226491
186891
242744
238200
268144
216604
187374
237532
245955
184492
194112
243758
307305
311912
266955
262580
220458
258163
272023
231984
254643
179480
205116
240938
239665
256307
218325
242480
199497
230420
250883
290972
254405
231698
224884
213444
250320
223587
238248
240883
197940
190720
244448
242667
