76851
81646
95094
88118
109457
93298
78493
83549
84409
96299
89846
97165
103694
88272
101642
82890
83335
93147
89765
85892
104925
101672
80304
93235
100659
100313
92156
102959
78874
94845
91309
89313
100350
80604
84432
79918
76218
82667
79140
92761
79942
79267
95616
103085
111546
87454
84283
97719
91656
91451
100698
103116
91817
95592
78864
77664
85689
76492
90713
93878
99867
79446
76688
90978
87844
77389
76116
95706
109008
108135
88117
100694
81118
94082
87246
78245
83450
76101
80259
87344
90822
84250
79261
83305
78335
82706
91298
115616
81712
84185
82778
79928
82544
77348
86668
84079
75612
77434
84472
90633
