245849
245196
446786
246379
245621
245189
247612
246006
247121
248988
246054
245825
516515
248535
251089
245911
247893
251980
248394
248078
245937
246292
248156
245964
247709
246553
247804
248715
247837
250686
246106
247357
247142
246794
247620
248200
260648
249282
248401
245812
246208
451945
245936
244476
244504
246330
247081
245664
244710
243995
245414
245636
245339
244479
244835
245996
245059
244866
246766
244724
245250
246240
244353
245124
245180
245278
247150
244662
245076
245412
246689
244789
244409
247035
244102
244898
243800
244744
245714
246095
244561
244287
245087
244570
244704
244755
244412
244727
247080
244535
245289
244090
244995
244704
245044
245040
245321
244458
244838
329839
