118857
178573
170201
226468
184309
109630
111131
145647
172383
215017
201843
233669
195790
209554
161316
120177
204964
174746
158083
212723
221132
110466
187200
197047
205472
172298
222409
97092
183519
177018
159596
210391
106210
163455
111910
105309
161658
161971
180818
120538
87383
174871
201308
249942
189029
148285
208060
178153
194229
211046
212810
168982
242079
94333
96953
153062
106259
174281
166474
197044
104443
69649
158863
175394
102937
116238
154816
251198
256298
176834
197874
138266
202606
204926
191509
186753
84731
130848
168903
163212
170361
123578
172342
116589
151206
173337
237285
194359
138253
130952
126364
169892
118751
163977
153664
90951
82339
172689
174248
192389
