59612
179820
142014
218495
97876
56046
63223
70621
130044
86973
112443
226342
82299
138763
65784
66464
115879
82076
69682
143247
256318
56898
149623
177796
179557
148290
144586
62452
181720
85660
81411
148893
63348
78845
56200
58772
137415
62881
133155
62554
56989
84887
127010
251079
98938
66503
133982
81261
115849
157084
193703
84025
172297
57752
55551
84013
55976
135303
96443
168300
59659
55532
105710
105379
55748
58028
84663
215402
214231
88836
130162
139789
172675
135827
144936
165147
55158
71048
113114
83354
108627
63866
109510
59440
94017
87772
190112
83633
79450
144432
61278
111340
66194
110770
80822
57841
56732
126750
111843
138461
