169203
167101
168125
167093
169572
168015
168642
168826
169690
168415
171413
170375
169010
172873
168416
169433
168650
167271
168975
168608
169339
169209
172529
168832
170803
169156
173763
169797
171014
167200
167910
168795
169537
166661
167395
166935
167506
170539
170188
171357
169291
167086
167428
167189
169598
167350
167705
167291
167618
166613
168651
170113
168424
166996
167276
168372
167974
166613
167515
168151
168716
171781
168715
167050
171007
168720
169697
168849
168801
169688
169409
166404
167651
167244
168876
168451
168428
169019
168504
166365
168227
167603
169096
167175
174801
167419
168694
168304
170877
166471
174582
166481
180329
171117
169073
167269
169084
175584
167563
167530
