57573
58917
56448
55241
56926
55421
57149
55437
57332
55279
57666
57775
56322
55499
56425
55440
62326
55203
56223
55218
56449
55246
56451
55318
56210
55261
56263
55223
56475
55244
56112
55152
56817
55229
56357
55172
56201
55222
56388
55178
56099
55462
56210
55482
56232
55224
56443
55159
56302
55258
56601
55249
56395
55204
56263
55418
56144
59285
56119
55170
56094
55323
56322
55193
56305
55297
56400
56074
56261
55157
56314
55149
56423
60696
56552
55239
56714
55267
56344
55327
56445
62107
56918
55214
56511
56347
57081
55238
56786
55681
57065
56318
57115
55805
56959
55428
56755
55237
116559
55852
