248508
247339
258431
249058
249762
253200
246348
512666
246861
255109
506171
252225
533324
247191
253687
247373
245093
253579
245249
249635
304666
245839
245249
245097
252208
256595
249230
245164
245582
246585
246643
245933
256913
245826
444386
249413
254412
247484
251570
252435
247062
246952
246912
250488
249517
247925
247254
245832
244879
245940
245766
246898
526217
247855
328387
247306
464150
248787
248373
250659
537814
247651
246885
251232
249173
253645
307920
249317
246366
246446
441206
522926
247912
246446
245772
246406
248325
258753
247213
247433
246103
246488
246493
248846
246802
245906
247605
396389
248486
284147
247588
248230
248289
344578
528153
253470
308474
251426
246796
246593
