56289
55664
58414
55806
58245
56254
61010
56124
57987
57112
60627
56364
61163
56235
61737
56225
60003
55550
58126
62215
58661
56241
57361
56080
60091
56054
58225
55604
57099
55925
59015
55534
57186
55776
57142
55568
59178
55646
57248
55641
57298
55697
57843
55538
58004
55736
61579
55606
59311
55633
60198
55569
57206
55537
56718
56247
59759
57211
60129
61008
62497
61802
60192
56374
60660
55628
60205
55536
58543
56959
58617
56250
57188
56656
60483
56169
62225
56422
61424
57295
60223
55751
57712
56315
57343
56112
62758
55958
58740
57847
58986
56773
61282
56185
59533
55985
60122
56610
59303
58871
