361
375
367
383
378
373
379
381
388
371
369
367
378
381
381
376
363
377
397
376
470
374
383
380
349
362
372
371
376
427
375
366
376
374
375
375
376
369
422
376
377
377
355
373
405
372
382
370
385
374
367
371
372
383
369
418
374
379
380
353
370
377
382
379
378
371
378
379
364
375
376
374
376
386
377
396
383
372
373
368
370
371
369
382
366
364
366
377
388
365
376
384
390
381
374
364
419
380
373
372
384
385
373
382
382
379
373
379
365
376
382
370
366
588
385
370
357
375
386
381
377
374
368
759
364
391
377
522
600
592
601
595
595
597
532
564
558
468
558
377
367
399
376
366
371
400
430
368
386
378
368
374
366
373
370
464
365
379
367
371
381
374
360
379
356
395
358
374
378
376
378
381
576
372
365
380
372
401
377
359
376
394
382
378
381
380
373
364
576
569
586
553
586
573
589
615
609
601
628
627
627
589
576
356
360
372
406
375
364
374
363
361
387
379
377
376
541
375
373
358
413
375
362
372
372
435
373
362
363
404
376
359
500
369
373
376
461
626
633
678
387
357
367
384
385
360
373
373
381
363
361
374
380
372
370
371
378
372
370
358
382
367
372
392
368
368
379
379
381
359
366
387
371
372
383
396
363
362
377
372
361
361
368
392
375
363
361
376
373
386
368
382
366
387
373
376
364
371
362
378
361
371
374
372
360
383
374
378
362
373
373
384
357
374
364
375
358
355
363
362
373
379
384
370
384
382
368
386
383
378
367
365
381
389
380
369
372
368
373
378
382
380
368
370
375
383
367
388
369
382
369
368
375
369
374
370
377
376
383
376
382
389
375
370
368
374
375
357
364
374
356
376
378
366
372
373
381
372
366
364
358
363
376
373
365
380
375
382
388
404
374
380
377
380
380
374
384
379
379
382
376
380
376
374
374
402
364
391
383
377
368
383
358
374
370
371
383
365
369
381
369
370
373
383
379
382
385
370
359
382
371
363
357
362
373
378
371
377
373
379
368
372
377
369
374
366
366
377
366
364
373
354
383
369
396
369
369
378
382
372
362
385
386
363
386
378
378
358
376
398
407
365
375
386
379
382
381
382
372
377
362
378
368
366
374
375
371
372
378
367
367
369
369
386
373
361
371
385
376
361
379
366
369
367
365
368
373
374
359
355
386
380
358
379
370
381
375
379
378
407
403
366
369
378
376
387
380
378
373
368
377
398
374
368
383
379
378
384
362
372
375
369
399
365
395
371
386
372
372
373
362
377
372
399
360
378
367
363
371
370
373
379
367
367
383
605
360
369
382
363
381
385
366
375
366
381
438
372
373
360
377
372
367
379
379
369
373
374
375
359
381
355
380
370
367
380
374
386
375
392
389
371
370
385
364
364
371
383
371
381
357
378
376
384
378
377
378
373
377
364
395
398
364
361
374
371
375
386
395
375
381
377
384
365
368
381
380
365
375
363
373
383
364
384
380
374
384
368
366
381
371
380
371
371
388
383
383
372
377
385
377
359
390
374
367
375
374
379
370
373
374
374
377
346
370
371
372
375
368
372
364
376
373
376
378
393
384
379
382
394
361
378
381
391
364
380
367
371
386
380
357
389
369
377
373
397
380
361
369
374
357
380
367
371
375
376
370
372
372
378
374
385
361
367
363
372
380
375
369
384
387
357
367
382
370
376
368
364
380
363
374
380
377
379
373
372
378
367
378
375
391
377
369
396
382
379
369
377
378
363
376
389
375
381
380
367
376
370
375
369
386
394
371
375
378
376
380
367
373
373
373
363
354
377
381
369
370
375
364
362
376
383
373
371
359
388
381
375
376
383
372
369
362
369
377
374
374
378
370
365
383
378
356
373
371
380
376
376
368
377
378
377
377
392
372
386
380
394
361
375
373
393
373
365
376
377
371
372
361
372
358
370
384
369
368
373
382
361
369
382
377
382
365
372
358
371
377
360
384
368
374
366
371
376
361
371
373
372
363
366
371
375
374
376
355
378
392
380
373
364
395
366
367
378
406
363
381
362
391
384
389
367
377
360
379
372
383
370
379
361
385
385
370
356
384
372
369
377
375
375
379
367
377
366
368
386
366
361
379
377
368
373
376
366
373
359
375
419
376
364
370
378
367
384
372
368
370
370
364
373
374
380
364
368
352
390
372
381
370
394
384
373
383
384
376
374
374
380
376
382
369
389
377
368
375
384
366
371
367
375
375
366
374
380
373
381
379
373
382
374
358
375
373
361
370
373
368
374
378
388
357
369
368
371
379
378
360
365
381
365
