79440
79983
91315
91318
90867
90362
90089
89575
89442
90906
89773
88732
91373
89438
89342
88383
88419
91194
90145
89838
89102
90460
89253
88482
90799
90995
89258
87767
91408
88380
90552
92787
88626
89561
92036
91358
87299
88642
88166
89715
90625
89045
87472
89342
89488
90575
89997
89164
90882
91072
90871
93070
90909
88140
88271
91780
89682
91350
91173
89094
91068
92035
90540
89931
90283
88782
87681
89494
87906
87245
93172
92682
88647
88351
88625
89625
88654
89999
89046
89508
92432
92631
89378
90144
92242
88307
91095
89913
89473
90418
90484
92666
89795
90787
89173
91084
89506
92152
91530
91623
