1489
1485
1502
1489
1474
1511
1486
1513
1551
1538
1487
1565
1490
1508
1471
1501
1513
1508
1488
1516
1495
1496
1472
1512
1521
1500
1507
1489
1521
1497
1513
1492
1502
1496
1499
1482
1515
1493
1517
1485
1505
1476
1528
1489
1491
1493
1478
1488
1476
1501
1504
1489
1483
1497
1495
1518
1476
1492
1480
1516
1494
1510
1476
1497
1481
1511
1484
1508
1513
1500
1483
1482
1493
1466
1482
1473
1500
1478
1502
1488
1504
1492
1500
1485
1527
1518
1522
1484
1481
1498
1491
1465
1513
1467
1492
1506
1484
1476
1488
1492
1484
1492
1489
1494
1477
1503
1490
1486
1490
1506
1492
1512
1500
1517
1486
1503
1523
1503
1458
1472
1487
1487
1499
1504
1519
1474
1499
1502
1485
1486
1497
1479
1513
1480
1526
1487
1519
1489
1504
1490
1527
1493
1504
1490
1492
1464
1490
1502
1495
1519
1493
1505
1505
1504
1491
1521
1503
1492
1516
1518
1474
1627
1505
1506
1525
1503
1520
1478
1495
1494
1492
1472
1506
1504
1515
1473
1499
1481
1517
1523
1561
1541
1503
1488
1486
1482
1492
1495
1496
1532
1571
1519
1481
1486
1508
1512
1500
1497
1518
1594
1502
1526
1491
1522
1541
1566
1481
1480
1492
1569
1504
1505
1521
1476
1497
1480
1492
1480
1508
1502
1510
1482
1514
1476
1499
1479
1479
1498
1500
1517
1475
1510
1473
1490
1476
1487
1504
1504
1492
1509
1456
1512
1503
1486
1510
1512
1485
1508
1463
1510
1503
1500
1469
1548
1498
1480
1482
1505
1509
1515
1514
1494
1502
1485
1506
1493
1489
1502
1518
1508
1504
1660
1550
1484
1470
1484
1567
1579
1495
1525
1503
1514
1499
1487
1508
1519
1512
1489
1500
1565
1568
1477
1510
1471
1488
1501
1504
1497
1506
1479
1514
1491
1503
1491
1520
1474
1625
1732
1737
1701
1494
1494
1525
1497
1515
1499
1502
1529
1495
1513
1489
1482
1542
1501
1484
1475
1512
1475
1501
1486
1547
1503
1497
1478
1494
1499
1510
1503
1485
1491
1507
1488
1503
1487
1505
1468
1497
1476
1503
1466
1497
1508
1485
1520
1516
1499
1486
1491
1482
1487
1482
1484
1512
1504
1500
1504
1483
1521
1502
1495
1585
1507
1473
1505
1498
1496
1482
1506
1531
1523
1520
1499
1496
1480
1521
1504
1505
1470
1481
1468
1503
1478
1485
1506
1537
1495
1478
1519
1486
1495
1483
1509
1492
1510
1494
1479
1506
1474
1471
1519
1504
1484
1502
1491
1500
1488
1482
1504
1537
1491
1509
1497
1488
1477
1502
1485
1489
1499
1522
1488
1498
1501
1515
1501
1483
1470
1500
1492
1498
1489
1493
1492
1528
1481
1487
1511
1518
1493
1508
1559
1487
1524
1480
1506
1464
1510
1512
1493
1482
1505
1498
1472
1481
1492
1463
1484
1540
1511
1488
1479
1511
1504
1499
1533
1501
1486
1491
1469
1503
1495
1521
1488
1510
1494
1502
1488
1485
1477
1480
1499
1572
1526
1495
1490
1497
1497
1495
1494
1496
1512
1478
1512
1488
1514
1516
1504
1484
1490
1511
1509
1467
1502
1524
1478
1526
1494
1501
1482
1520
1479
1491
1513
1510
1508
1497
1472
1488
1507
1497
1492
1479
1461
1489
1504
1472
1489
1483
1476
1527
1527
1484
1503
1488
1513
1465
1520
1469
1508
1496
1500
1505
1494
1497
1459
1511
1478
1491
1510
1495
1490
1505
1496
1504
1482
1492
1460
1520
1495
1481
1488
1505
1566
1553
1491
1516
1478
1509
1511
1541
1530
1482
1506
1495
1502
1470
1544
1494
1517
1483
1513
1483
1521
1509
1539
1563
1475
1490
1483
1483
1451
1534
1546
1495
1517
1684
1499
1513
1484
1537
1503
1560
1477
1610
1607
1483
1493
1540
1528
1495
1555
1610
1548
1526
1525
1542
1627
1474
1471
1587
1552
1574
1626
1508
1539
1559
1484
1676
1539
1491
1558
1506
1505
1545
1542
1484
1517
1472
1540
1656
1570
1530
1479
1507
1493
1479
1518
1618
1485
1493
1478
1500
1519
1482
1538
1642
1500
1488
1477
1475
1494
1492
1550
1542
1546
1490
1514
1483
1506
1507
1615
1572
1489
1478
1490
1498
1471
1465
1569
1509
1474
1513
1488
1490
1491
1518
1550
1519
1511
1489
1467
1518
1484
1518
1467
1533
1485
1483
1501
1497
1497
1509
1586
1504
1507
1490
1500
1498
1508
1513
1551
1489
1498
1507
1492
1488
1484
1483
1508
1512
1482
1485
1511
1512
1478
1504
1548
1526
1502
1494
1491
1504
1476
1498
1555
1495
1477
1480
1514
1488
1483
1497
1562
1485
1466
1494
1495
1497
1500
1510
1598
1481
1488
1514
1484
1480
1490
1520
1569
1482
1492
1507
1454
1509
1483
1514
1544
1487
1505
1501
1723
1979
1867
1893
1933
1581
1544
1507
1487
1514
1738
1584
1501
1510
1499
1513
1454
1491
1766
1519
1499
1499
1525
1499
1525
1503
1573
1548
1543
1496
1517
1489
1487
1518
1493
1625
1502
1498
1486
1503
1507
1514
1529
1534
1480
1497
1493
1495
1500
1535
1604
1488
1487
1482
1497
1484
1516
1510
1617
1515
1518
1506
1496
1475
1506
1502
1582
1479
1498
1502
1471
1478
1500
1546
1592
1540
1505
1499
1510
1482
1490
1529
1647
1560
1476
1520
1498
1486
1519
1573
1518
1490
1497
1485
1500
1511
1515
1499
1522
1530
1527
1471
1528
1555
1575
1553
1578
1509
1555
1559
1486
1536
1584
1613
1495
1481
1490
1496
1495
1590
1563
1500
1532
1494
1522
1465
1503
1500
1540
1515
1539
1477
1532
1480
1501
1518
1573
1561
1511
1492
1486
1513
1485
1506
1522
1556
1503
1516
1475
1494
1507
1533
1498
1495
1469
1490
1498
1524
1510
1518
1544
1510
1514
1507
1518
1530
1501
1567
1556
1510
1494
1508
1494
1483
1482
1553
1526
1511
1493
1493
1496
1520
1482
1554
1609
1498
1472
1511
1491
1502
1492
1524
1610
1475
1488
1487
1486
1467
1485
1566
1539
1514
1499
1472
1511
1525
1517
1677
1589
1523
1817
1910
1593
1508
1485
1634
1488
1592
1543
1473
1516
