1476
1456
1483
1459
1482
1464
1503
1489
1484
1468
1506
1473
1524
1463
1489
1465
1504
1465
1486
1513
1465
1458
1452
1477
1504
1473
1492
1510
1467
1497
1473
1480
1480
1483
1475
1468
1704
1806
1543
1468
1459
1472
1506
1459
1483
1469
1467
1462
1468
1460
1488
1458
1478
1449
1482
1477
1472
1455
1470
1476
1495
1456
1468
1453
1469
1463
1490
1473
1499
1473
1459
1461
1466
1451
1450
1451
1458
1471
1463
1461
1469
1458
1501
1467
1477
1486
1478
1468
1442
1481
1458
1460
1469
1465
1462
1496
1461
1461
1467
1474
1453
1462
1464
1467
1452
1475
1455
1461
1477
1471
1477
1456
1488
1469
1447
1470
1496
1463
1499
1447
1546
1596
1622
1598
1629
1586
1615
1589
1585
1580
1613
1614
1581
1584
1551
1554
1553
1576
1572
1544
1547
1536
1542
1544
1552
1526
1553
1550
1555
1552
1559
1535
1566
1535
1545
1553
1552
1527
1548
1551
1530
1541
1560
1555
1558
1539
1572
1575
1540
1588
1544
1534
1559
1561
1559
1521
1548
1532
1557
1559
1555
1521
1561
1530
1525
1543
1552
1551
1540
1566
1533
1567
1557
1543
1557
1569
1554
1558
1528
1532
1542
1560
1553
1568
1566
1534
1547
1526
1558
1529
1569
1564
1533
1519
1546
1521
1531
1536
1540
1580
1546
1554
1552
1542
1537
1539
1532
1555
1548
1563
1524
1564
1551
1550
1537
1522
1551
1535
1551
1546
1521
1556
1572
1521
1535
1546
1539
1563
1526
1570
1552
1561
1520
1546
1515
1486
1457
1480
1475
1545
1453
1494
1482
1500
1480
1475
1459
1490
1462
1480
1473
1502
1495
1492
1501
1483
1515
1489
1535
1484
1504
1484
1494
1468
1503
1492
1505
1467
1510
1448
1474
1451
1463
1448
1463
1483
1529
1474
1468
2208
1460
1469
1493
1506
1498
1453
1465
1447
1491
1462
1468
1442
1506
1467
1480
1453
1490
1482
1480
1490
1488
1444
1474
1465
1471
1451
1484
1457
1467
1461
1467
1458
1469
1443
1451
1465
1474
1485
1445
1466
1480
1466
1459
1475
1466
1450
1468
1462
1472
1462
1465
1477
1459
1483
1458
1469
1467
1469
1449
1460
1451
1458
1466
1488
1475
1469
1458
1466
1477
1465
1477
1468
1457
1468
1460
1467
1458
1458
1487
1483
1491
1471
1462
1452
1488
1475
1471
1442
1457
1445
1480
1451
1464
1477
1462
1472
1466
1482
1473
1450
1463
1471
1479
1461
1478
1443
1483
1434
1444
1476
1475
1474
1480
1452
1471
1465
1452
1485
1456
1470
1473
1482
1447
1468
1455
1472
1460
1476
1481
1481
1466
1489
1484
1486
1449
1472
1471
1470
1461
1476
1467
1483
1466
1465
1467
1467
1469
1455
1472
1473
1476
1477
1453
1468
1485
1468
1480
1458
1465
1461
1484
1440
1471
1464
1444
1462
1472
1482
1461
1451
1473
1462
1469
1437
1480
1448
1479
1449
1481
1458
1496
1453
1481
1468
1456
1444
1469
1462
1461
1467
1466
1456
1468
1451
1451
1477
1472
1460
1458
1486
1472
1482
1469
1498
1467
1479
1470
1482
1495
1511
1449
1490
1485
1469
1462
1513
1465
1457
1460
1453
1457
1461
1466
1467
1460
1448
1455
1472
1466
1462
1458
1443
1472
1461
1462
1464
1463
1444
1478
1477
1487
1465
1471
1472
1456
1453
1454
1460
1479
1454
1483
1450
1469
1422
1483
1450
1477
1482
1483
1466
1465
1451
1475
1465
1448
1447
1479
1468
1453
1471
1453
1459
1467
1487
1467
1475
1469
1469
1461
1488
1466
1486
1479
1491
1460
1476
1462
1499
1451
1496
1455
1500
1463
1485
1463
1452
1506
1451
1453
1433
1443
1473
1459
1446
1533
1476
1475
1450
1490
1450
1496
1489
1535
1445
1465
1459
1479
1464
1467
1473
1518
1469
1478
1476
1489
1464
1460
1439
1457
1492
1448
1465
1462
1476
1474
1475
1482
1493
1467
1497
1470
1472
1481
1460
1459
1525
1452
1497
1490
1473
1485
1491
1494
1482
1437
1480
1449
1466
1460
1462
1458
1506
1447
1459
1476
1459
1465
1454
1468
1469
1484
1458
1471
1491
1468
1455
1474
1497
1497
1458
1501
1460
1465
1452
1469
1500
1470
1460
1463
1452
1484
1453
1458
1480
1498
1444
1471
1487
1451
1444
1477
1470
1465
1451
1467
1441
1455
1481
1462
1517
1492
1479
1476
1473
1463
1474
1485
1505
1462
1477
1465
1465
1488
1488
1471
1479
1458
1474
1467
1465
1443
1482
1467
1454
1475
1447
1473
1479
1451
1466
1492
1458
1492
1456
1481
1445
1477
1473
1470
1459
1485
1462
1474
1436
1474
1462
1474
1477
1504
1498
1478
1433
1489
1444
1465
1479
1469
1471
1460
1467
1466
1439
1468
1471
1494
1471
1454
1484
1463
1486
1466
1488
1512
1486
1463
1477
1471
1472
1461
1509
1493
1459
1472
1479
1471
1456
1467
1499
1478
1452
1469
1471
1469
1456
1450
1478
1480
1457
1484
1471
1470
1454
1491
1472
1493
1482
1479
1459
1494
1478
1470
1460
1466
1460
1482
1460
1470
1482
1488
1467
1487
1460
1467
1478
1460
1477
1464
1465
1487
1480
1489
1465
1450
1472
1464
1472
1458
1494
1471
1464
1445
1464
1479
1471
1542
1513
1466
1485
1448
1473
1473
1488
1535
1459
1475
1466
1458
1458
1474
1466
1503
1497
1478
1468
1503
1460
1484
1463
1557
1473
1464
1483
1483
1462
1462
1480
1484
1501
1486
1440
1457
1465
1479
1475
1486
1492
1468
1474
1450
1474
1459
1449
1468
1542
1444
1479
1470
1473
1460
1473
1470
1531
1458
1483
1470
1456
1471
1496
1530
1483
1468
1474
1464
1459
1460
1467
1488
1519
1450
1481
1475
1452
1475
1446
1475
1531
1492
1459
1481
1457
1466
1451
1498
1463
1511
1458
1484
1444
1491
1456
1474
1452
1459
1455
1467
1463
1460
1459
1446
1448
1465
1447
1469
1470
1455
1451
1478
1476
1463
1478
1451
1483
1452
1466
1457
1470
1439
1471
1462
1475
1483
1480
1446
1491
1471
1475
1466
1475
1458
1467
1482
1491
1470
1458
1444
1454
1470
1474
1453
1471
