172614
171513
172447
171001
175510
176215
176513
175617
172197
171502
176378
188847
186045
177883
172459
172588
171905
172563
172607
173684
173104
173983
172224
171969
172592
172675
172238
172634
176320
174515
173091
171928
172261
172164
173314
173360
173588
172615
172088
174665
172970
174022
177760
171769
173016
173015
172815
172423
172928
173765
174212
172855
173686
171996
172152
172047
172288
171317
171851
173109
173468
171369
171708
171775
174032
171736
172550
172452
173300
172327
172791
172228
175000
174165
183764
183275
185214
174952
173012
172040
173004
172805
173720
175063
186998
178791
178043
172549
175680
172379
173474
171385
172538
172162
172098
172514
172821
171855
171748
172742
